1, 0
1, 115
1, 153
1, 154
1, 159
1, 161
1, 162
1, 171
1, 186
1, 197
1, 225
1, 238
1, 240
1, 249
1, 262
1, 276
1, 300
1, 308
1, 341
1, 353
1, 411
1, 503
1, 508
2, 0
2, 1
2, 3
2, 7
2, 9
2, 115
2, 139
2, 286
2, 385
2, 492
2, 507
2, 540
3, 0
3, 1
3, 23
3, 75
3, 81
3, 90
3, 143
3, 179
3, 285
3, 294
3, 392
3, 408
3, 452
3, 567
4, 0
4, 1
4, 2
4, 4
4, 29
4, 93
4, 148
4, 158
4, 168
4, 178
4, 193
4, 194
4, 195
4, 196
4, 205
4, 266
4, 323
4, 420
4, 484
4, 507
4, 559
4, 564
5, 0
5, 1
5, 61
5, 142
5, 176
5, 209
5, 213
5, 214
5, 221
5, 265
5, 352
5, 387
5, 401
5, 408
6, 0
6, 1
6, 2
6, 4
6, 7
6, 18
6, 181
6, 258
6, 406
6, 510
6, 511
6, 512
6, 514
6, 520
6, 527
7, 0
7, 2
7, 103
7, 135
7, 167
7, 213
7, 323
8, 0
8, 1
8, 2
8, 8
8, 25
8, 43
8, 66
8, 119
8, 171
8, 311
9, 0
9, 1
9, 3
9, 14
9, 15
9, 17
9, 18
9, 20
9, 184
9, 191
9, 219
9, 239
9, 252
9, 313
9, 319
9, 435
9, 552
10, 0
10, 1
10, 7
10, 12
10, 57
10, 68
10, 76
10, 87
10, 97
10, 98
10, 119
10, 247
10, 357
10, 362
10, 443
10, 481
10, 505
10, 513
11, 0
11, 1
11, 6
11, 46
11, 191
11, 209
11, 242
11, 252
11, 301
11, 344
11, 461
11, 496
11, 520
12, 0
12, 1
12, 10
12, 165
12, 180
12, 310
12, 325
12, 464
12, 469
12, 524
13, 0
13, 2
13, 98
13, 183
13, 195
13, 230
13, 320
13, 341
13, 348
13, 364
13, 399
13, 565
13, 569
14, 0
14, 4
14, 57
14, 71
14, 79
14, 84
14, 123
14, 137
14, 377
14, 385
14, 419
14, 485
14, 560
15, 0
15, 1
15, 42
15, 77
15, 78
15, 79
15, 132
15, 207
15, 249
15, 259
15, 319
15, 324
15, 334
15, 357
15, 366
15, 378
15, 413
15, 437
16, 0
16, 13
16, 57
16, 64
16, 76
16, 81
16, 84
16, 180
16, 190
16, 312
16, 325
16, 350
16, 432
16, 477
16, 531
16, 542
16, 568
17, 0
17, 1
17, 12
17, 19
17, 74
17, 292
17, 348
17, 358
17, 387
17, 407
17, 498
17, 536
18, 0
18, 1
18, 64
18, 66
18, 111
18, 119
18, 149
18, 273
18, 333
18, 356
18, 365
18, 375
18, 399
18, 420
18, 428
18, 471
18, 486
18, 494
18, 512
18, 525
18, 527
18, 540
18, 559
19, 0
19, 3
19, 78
19, 138
19, 169
19, 204
19, 329
19, 330
19, 351
19, 424
19, 457
19, 494
19, 499
19, 527
20, 0
20, 1
20, 18
20, 41
20, 96
20, 165
20, 169
20, 214
20, 408
20, 469
20, 543
20, 544
20, 554
21, 0
21, 1
21, 3
21, 46
21, 70
21, 130
21, 148
21, 204
21, 216
21, 287
21, 370
21, 457
21, 465
21, 481
21, 512
21, 535
22, 0
22, 2
22, 45
22, 63
22, 78
22, 108
22, 143
22, 303
22, 342
22, 408
22, 540
23, 0
23, 1
23, 16
23, 22
23, 91
23, 98
23, 103
23, 185
23, 265
23, 290
23, 305
23, 345
23, 350
23, 390
23, 423
23, 436
23, 444
23, 508
24, 0
24, 1
24, 149
24, 212
24, 342
24, 443
24, 484
24, 516
25, 0
25, 1
25, 39
25, 45
25, 78
25, 164
25, 275
25, 307
25, 312
25, 314
25, 317
25, 353
25, 433
25, 509
25, 552
25, 570
26, 0
26, 1
26, 2
26, 3
26, 11
26, 12
26, 21
26, 23
26, 282
26, 287
26, 334
26, 337
26, 392
26, 407
26, 440
26, 484
26, 549
26, 569
27, 0
27, 1
27, 3
27, 8
27, 51
27, 52
27, 99
27, 126
27, 135
27, 237
27, 324
27, 329
27, 339
27, 441
27, 476
27, 568
28, 0
28, 7
28, 25
28, 42
28, 47
28, 97
28, 114
28, 203
28, 354
28, 400
28, 447
28, 500
28, 537
29, 0
29, 55
29, 87
29, 183
29, 191
29, 355
29, 407
29, 488
29, 505
29, 510
29, 524
30, 0
30, 3
30, 73
30, 95
30, 215
30, 273
30, 340
30, 399
30, 416
30, 442
30, 447
30, 459
31, 0
31, 1
31, 2
31, 4
31, 26
31, 51
31, 63
31, 118
31, 154
31, 164
31, 180
31, 201
31, 209
31, 250
31, 270
31, 520
31, 536
32, 0
32, 12
32, 32
32, 56
32, 82
32, 88
32, 147
32, 256
32, 313
32, 376
32, 407
32, 537
33, 0
33, 1
33, 5
33, 6
33, 8
33, 9
33, 27
33, 133
33, 217
33, 269
33, 313
33, 325
33, 384
33, 399
33, 407
33, 477
33, 536
34, 0
34, 1
34, 2
34, 52
34, 66
34, 89
34, 178
34, 258
34, 357
34, 389
34, 546
35, 0
35, 1
35, 78
35, 93
35, 125
35, 387
35, 458
35, 565
36, 0
36, 2
36, 9
36, 10
36, 59
36, 85
36, 126
36, 167
36, 213
36, 226
36, 286
36, 471
36, 529
37, 0
37, 1
37, 4
37, 36
37, 68
37, 130
37, 132
37, 326
37, 350
37, 465
37, 466
37, 470
37, 489
37, 528
38, 0
38, 1
38, 5
38, 99
38, 344
38, 396
38, 412
38, 443
38, 444
38, 445
38, 472
38, 482
39, 0
39, 1
39, 2
39, 3
39, 5
39, 88
39, 93
39, 106
39, 113
39, 166
39, 169
39, 200
39, 252
39, 389
39, 457
39, 460
39, 461
39, 470
39, 471
39, 472
39, 473
39, 474
39, 475
39, 476
39, 477
39, 478
39, 479
39, 480
39, 491
39, 492
39, 493
39, 494
39, 495
39, 496
39, 497
40, 0
40, 1
40, 13
40, 39
40, 134
40, 152
40, 199
40, 222
40, 233
40, 313
40, 318
40, 342
40, 348
40, 465
40, 490
40, 537
41, 0
41, 1
41, 6
41, 304
41, 353
41, 447
41, 477
41, 493
42, 0
42, 3
42, 4
42, 7
42, 8
42, 15
42, 20
42, 39
42, 48
42, 53
42, 73
42, 86
42, 224
42, 257
42, 351
42, 352
42, 353
42, 354
42, 380
42, 394
42, 423
42, 428
42, 509
42, 515
42, 532
42, 537
43, 0
43, 1
43, 3
43, 11
43, 15
43, 164
43, 225
43, 279
43, 324
43, 465
43, 507
43, 515
43, 549
43, 554
44, 0
44, 1
44, 37
44, 64
44, 114
44, 149
44, 164
44, 194
44, 214
44, 280
44, 325
44, 422
45, 0
45, 3
45, 27
45, 145
45, 158
45, 224
45, 276
45, 302
45, 322
45, 357
45, 393
45, 411
45, 456
45, 482
45, 500
45, 547
46, 0
46, 1
46, 3
46, 9
46, 43
46, 60
46, 63
46, 97
46, 101
46, 111
46, 172
46, 206
46, 241
46, 277
46, 386
46, 402
46, 481
47, 0
47, 1
47, 19
47, 84
47, 334
47, 363
47, 495
47, 503
47, 508
48, 0
48, 1
48, 6
48, 54
48, 61
48, 190
48, 332
48, 382
48, 453
48, 458
48, 481
48, 482
48, 486
48, 489
48, 503
48, 538
48, 557
49, 0
49, 47
49, 55
49, 71
49, 101
49, 114
49, 216
49, 244
49, 252
49, 409
49, 441
49, 475
49, 485
49, 489
49, 511
49, 516
50, 0
50, 1
50, 10
50, 18
50, 26
50, 41
50, 108
50, 151
50, 225
50, 298
50, 323
50, 408
50, 410
50, 411
50, 425
50, 477
50, 523
50, 534
50, 550
50, 551
50, 558
50, 568
51, 0
51, 1
51, 3
51, 4
51, 5
51, 27
51, 135
51, 189
51, 237
51, 248
51, 274
51, 321
51, 365
51, 370
51, 389
51, 420
51, 425
51, 438
51, 440
51, 469
51, 487
51, 512
51, 513
51, 516
51, 525
51, 526
51, 529
51, 532
51, 534
51, 551
52, 0
52, 48
52, 107
52, 115
52, 129
52, 195
52, 218
52, 244
52, 270
52, 353
52, 369
52, 474
52, 485
52, 520
53, 0
53, 1
53, 6
53, 36
53, 57
53, 65
53, 125
53, 143
53, 170
53, 171
53, 173
53, 186
53, 253
53, 271
53, 298
53, 346
53, 391
53, 431
53, 450
53, 521
54, 0
54, 3
54, 31
54, 67
54, 87
54, 99
54, 100
54, 172
54, 181
54, 220
54, 261
54, 264
54, 305
54, 314
54, 322
54, 338
54, 387
54, 523
55, 0
55, 3
55, 5
55, 9
55, 71
55, 143
55, 227
55, 280
55, 370
55, 422
55, 484
55, 507
55, 528
55, 541
56, 0
56, 1
56, 2
56, 108
56, 115
56, 138
56, 146
56, 167
56, 179
56, 224
56, 337
56, 354
56, 394
56, 396
56, 450
56, 508
57, 0
57, 1
57, 72
57, 73
57, 86
57, 94
57, 118
57, 156
57, 178
57, 196
57, 211
57, 246
57, 332
57, 339
57, 346
57, 424
57, 452
57, 544
58, 0
58, 1
58, 3
58, 17
58, 22
58, 48
58, 92
58, 100
58, 147
58, 174
58, 208
58, 255
58, 362
58, 456
59, 0
59, 2
59, 6
59, 10
59, 20
59, 30
59, 97
59, 129
59, 143
59, 242
59, 267
59, 302
59, 317
59, 348
59, 440
59, 472
59, 505
59, 553
60, 0
60, 1
60, 2
60, 3
60, 9
60, 25
60, 79
60, 82
60, 175
60, 191
60, 231
60, 329
60, 557
61, 0
61, 1
61, 5
61, 44
61, 126
61, 175
61, 439
61, 447
61, 486
62, 0
62, 2
62, 5
62, 12
62, 20
62, 155
62, 181
62, 223
62, 306
62, 344
62, 368
62, 378
62, 401
62, 430
62, 513
62, 514
63, 0
63, 1
63, 6
63, 46
63, 72
63, 100
63, 326
63, 419
63, 454
63, 461
63, 484
63, 531
63, 544
64, 0
64, 81
64, 107
64, 146
64, 164
64, 172
64, 200
64, 208
64, 259
64, 264
64, 325
64, 437
64, 462
64, 477
64, 487
64, 498
65, 0
65, 1
65, 2
65, 3
65, 8
65, 21
65, 34
65, 57
65, 66
65, 79
65, 122
65, 150
65, 184
65, 189
65, 207
65, 329
65, 357
65, 360
65, 408
65, 417
65, 445
65, 452
65, 470
65, 475
65, 502
65, 534
66, 0
66, 2
66, 3
66, 19
66, 86
66, 211
66, 219
66, 234
66, 279
66, 331
66, 347
66, 352
66, 370
66, 401
66, 470
66, 558
67, 0
67, 2
67, 5
68, 0
68, 1
68, 2
68, 21
68, 60
68, 65
68, 72
68, 150
68, 163
68, 188
68, 189
68, 243
68, 260
68, 296
68, 402
68, 414
68, 439
68, 506
68, 514
68, 571
69, 0
69, 1
69, 5
69, 17
69, 39
69, 54
69, 147
69, 152
69, 179
69, 184
69, 193
69, 194
69, 195
69, 216
69, 252
69, 321
69, 347
69, 498
69, 536
69, 546
70, 0
70, 38
70, 212
70, 232
70, 236
70, 275
70, 346
70, 365
70, 370
70, 518
71, 0
71, 5
71, 42
71, 153
71, 208
71, 233
71, 254
71, 387
71, 405
71, 428
71, 433
71, 489
71, 527
71, 556
72, 0
72, 1
72, 6
72, 12
72, 51
72, 64
72, 114
72, 122
72, 211
72, 265
72, 270
72, 278
72, 289
72, 319
72, 352
72, 400
72, 426
72, 504
72, 512
72, 534
72, 571
73, 0
73, 1
73, 6
73, 7
73, 70
73, 71
73, 80
73, 127
73, 264
73, 356
73, 502
73, 503
73, 519
73, 567
74, 0
74, 45
74, 95
74, 123
74, 124
74, 153
74, 257
74, 366
74, 554
75, 0
75, 1
75, 6
75, 52
75, 145
75, 206
75, 216
75, 315
75, 326
75, 349
75, 426
75, 442
75, 533
76, 0
76, 1
76, 4
76, 53
76, 103
76, 161
76, 237
76, 329
76, 330
76, 333
76, 401
76, 403
76, 425
76, 433
76, 447
76, 454
76, 466
76, 540
77, 0
77, 1
77, 10
77, 11
77, 12
77, 72
77, 109
77, 145
77, 155
77, 255
77, 263
77, 366
77, 385
77, 524
77, 562
78, 0
78, 3
78, 13
78, 108
78, 173
78, 181
78, 223
78, 236
78, 241
78, 251
78, 294
78, 341
78, 360
78, 371
78, 400
78, 405
78, 420
78, 436
78, 444
78, 512
79, 0
79, 1
79, 7
79, 9
79, 15
79, 31
79, 57
79, 120
79, 125
79, 134
79, 143
79, 260
79, 326
79, 345
79, 468
79, 497
80, 0
80, 1
80, 7
80, 9
80, 57
80, 73
80, 204
80, 229
80, 244
80, 282
80, 345
80, 372
80, 413
80, 448
80, 468
80, 485
80, 496
80, 516
80, 540
80, 553
81, 0
81, 1
81, 4
81, 31
81, 57
81, 133
81, 157
81, 214
81, 251
81, 371
81, 444
81, 452
81, 460
81, 569
82, 0
82, 1
82, 2
82, 3
82, 44
82, 90
82, 137
82, 139
82, 144
82, 171
82, 172
82, 186
82, 248
82, 265
82, 337
82, 350
82, 375
82, 410
82, 412
82, 441
82, 524
82, 550
83, 0
83, 2
83, 65
83, 86
83, 149
83, 190
83, 203
83, 224
83, 253
83, 295
83, 379
83, 413
83, 432
83, 446
83, 466
83, 557
84, 0
84, 17
84, 44
84, 107
84, 109
84, 111
84, 146
84, 151
84, 174
84, 179
84, 209
84, 215
84, 271
84, 347
84, 494
85, 0
85, 1
85, 10
85, 38
85, 50
85, 69
85, 108
85, 136
85, 152
85, 266
85, 322
85, 338
85, 437
85, 472
85, 523
86, 0
86, 1
86, 2
86, 4
86, 49
86, 88
86, 224
86, 336
86, 341
86, 356
86, 524
87, 0
87, 1
87, 25
87, 38
87, 74
87, 160
87, 173
87, 193
87, 203
87, 246
87, 308
87, 394
87, 451
87, 461
87, 533
88, 0
88, 1
88, 4
88, 114
88, 161
88, 184
88, 309
88, 337
88, 408
89, 0
89, 1
89, 2
89, 5
89, 10
89, 19
89, 20
89, 40
89, 56
89, 92
89, 103
89, 128
89, 191
89, 207
89, 228
89, 292
89, 300
89, 451
90, 0
90, 3
90, 87
90, 237
90, 280
90, 309
90, 338
90, 355
90, 399
90, 407
90, 412
90, 472
90, 531
91, 0
91, 1
91, 2
91, 3
91, 62
91, 63
91, 75
91, 116
91, 140
91, 173
91, 184
91, 200
91, 216
91, 263
91, 365
91, 433
91, 481
92, 0
92, 1
92, 78
92, 90
92, 103
92, 125
92, 251
92, 260
92, 285
92, 303
92, 400
92, 417
92, 492
92, 506
92, 520
93, 0
93, 1
93, 45
93, 57
93, 73
93, 111
93, 222
93, 263
93, 268
93, 306
93, 393
93, 398
93, 427
93, 534
93, 539
93, 556
94, 0
94, 1
94, 2
94, 5
94, 7
94, 133
94, 135
94, 139
94, 230
94, 371
95, 0
95, 24
95, 60
95, 131
95, 193
95, 207
95, 232
95, 394
95, 446
95, 461
95, 542
95, 562
96, 0
96, 92
96, 116
96, 166
96, 282
96, 306
96, 328
96, 360
96, 409
96, 422
96, 427
96, 432
96, 473
96, 505
96, 563
97, 0
97, 2
97, 5
97, 27
97, 53
97, 100
97, 174
97, 221
97, 247
97, 255
97, 283
97, 323
97, 338
97, 344
97, 372
97, 385
97, 410
97, 474
97, 561
98, 0
98, 3
98, 258
98, 302
98, 317
98, 348
98, 559
99, 0
99, 3
99, 25
99, 30
99, 87
99, 144
99, 194
99, 255
99, 302
99, 358
99, 392
99, 446
99, 464
99, 499
100, 0
100, 1
100, 2
100, 5
100, 8
100, 14
100, 50
100, 68
100, 123
100, 159
100, 224
100, 299
100, 323
100, 398
100, 411
100, 423
100, 428
100, 446
100, 507
100, 537
